219
212
151
119
181
102
154
208
195
155
127
150
132
141
162
131
192
222
173
198
119
140
225
173
142
152
215
184
242
159
157
187
105
98
157
129
207
213
236
222
206
160
113
169
166
226
200
181
176
126
146
158
158
225
123
229
140
139
154
168
188
208
177
175
200
141
183
199
185
171
170
209
172
130
231
229
213
150
198
113
164
136
154
138
182
149
213
124
211
193
151
199
191
106
143
193
141
233
180
139
264
191
187
151
164
193
142
217
220
137
166
235
182
160
218
199
164
161
195
133
212
159
195
206
229
156
207
169
149
198
188
139
107
178
149
116
159
206
155
279
167
236
190
147
140
226
125
165
140
159
218
264
118
163
142
223
119
143
159
220
118
138
150
157
174
205
221
163
139
219
176
150
263
162
150
152
241
150
182
141
168
161
202
207
133
203
170
124
116
148
148
155
174
152
183
176
251
230
145
206
212
146
162
204
142
166
198
173
200
177
210
124
162
133
154
160
200
171
234
130
173
135
149
142
252
164
136
250
157
223
141
187
134
145
121
149
161
180
168
148
215
157
227
213
153
138
166
259
111
140
213
205
208
201
234
119
147
169
177
129
149
248
215
114
141
121
147
220
157
155
189
192
150
143
214
219
238
190
209
129
139
140
126
163
150
144
152
217
201
134
211
146
189
217
214
139
266
170
217
157
162
131
277
147
148
136
218
134
222
166
137
146
156
202
206
178
180
170
143
186
143
137
161
188
252
205
233
128
142
184
152
203
184
125
144
182
164
142
178
185
181
149
137
161
181
178
159
136
158
193
139
140
157
159
141
157
133
172
166
208
119
161
155
261
162
169
168
221
168
167
119
170
143
221
166
184
159
140
133
146
190
180
178
232
135
166
151
156
180
121
211
164
123
220
211
221
156
150
130
158
195
249
208
178
146
141
181
158
177
132
121
146
147
161
165
131
134
153
156
99
216
154
189
229
170
142
136
163
156
166
209
151
129
125
159
136
121
173
247
150
154
224
148
270
151
154
206
204
128
122
248
147
165
187
212
169
233
214
148
120
105
166
139
133
153
175
128
236
156
107
241
206
163
214
217
138
178
155
222
101
183
137
133
217
232
202
138
248
132
161
149
182
204
126
99
156
234
160
144
114
114
213
157
141
124
217
183
151
148
145
124
211
129
136
196
136
228
179
115
116
144
217
241
180
139
224
159
93
182
198
172
156
159
184
132
136
214
208
130
145
106
228
220
167
208
137
216
118
166
110
125
94
261
146
126
147
227
185
160
179
212
152
194
138
221
176
218
182
122
174
202
147
195
152
163
151
204
131
149
150
182
164
125
166
150
119
162
159
152
128
168
221
140
228
238
128
278
189
224
148
181
159
152
162
170
202
171
157
216
151
145
140
128
175
147
122
129
112
131
207
225
180
147
171
139
152
209
130
210
111
202
144
163
162
142
143
170
145
113
189
194
137
139
158
165
186
221
167
135
249
176
170
176
227
178
148
206
197
198
251
210
141
228
223
211
203
142
232
211
166
171
102
144
215
138
164
173
159
133
132
196
134
225
223
178
253
130
190
138
130
113
140
194
193
229
168
229
213
187
115
232
191
126
225
223
123
92
156
147
162
192
213
241
145
144
121
160
185
121
176
193
217
169
198
145
201
180
144
171
158
184
195
156
226
142
137
215
169
162
194
165
189
155
141
125
160
117
172
133
174
161
151
187
177
142
121
178
160
137
176
161
197
174
234
176
177
223
189
250
143
128
190
154
175
200
125
178
202
255
162
137
139
181
130
166
141
126
155
146
172
226
118
218
240
166
159
172
272
149
127
193
235
198
227
213
132
144
163
123
156
188
182
116
195
105
134
159
171
164
149
139
159
168
114
173
150
180
167
96
98
220
189
233
216
229
184
180
159
203
192
155
157
137
148
143
140
110
126
191
274
128
149
162
156
196
172
130
152
162
148
155
158
229
193
224
131
165
159
174
193
160
157
166
222
259
182
147
153
145
139
152
140
161
221
156
152
140
228
214
232
161
153
201
173
180
167
156
133
191
184
224
171
220
164
200
172
212
160
115
187
128
181
208
143
209
161
143
184
192
243
144
157
102
152
194
232
250
144
150
131
175
118
134
145
152
156
183
134
205
135
178
183
142
199
191
108
223
143
155
136
216
137
218
154
130
150
145
164
191
138
105
133
119
156
183
144
189
169
168
172
163
245
197
179
148
224
176
193
158
154
210
126
219
122
134
164
160
134
214
200
218
157
114
207
218
182
196
163
121
185
123
121
119
180
157
180
137
174
219
183
175
220
155
199
206
135
170
182
233
165
138
158
180
177
167
117
205
160
140
133
134
138
243
198
148
183
115
220
187
215
173
200
264
201
190
141
210
169
149
144
132
251
173
154
223
204
204
144
129
124
244
133
159
151
149
162
179
158
153
163
203
173
199
241
127
179
119
218
194
155
153
225
164
131
189
168
137
134
146
150
128
155
152
186
195
162
173
202
222
218
160
206
205
161
153
148
235
140
188
193
125
134
142
211
125
141
132
114
131
134
235
168
192
141
195
156
137
169
228
171
188
136
227
159
129
226
130
267
226
164
203
129
178
243
54
207
170
163
138
186
191
148
142
216
141
235
168
197
233
143
182
172
194
232
210
214
164
152
230
214
183
156
137
163
149
257
164
215
117
159
145
138
116
126
164
128
187
186
116
119
111
185
179
164
135
160
128
197
162
199
144
149
188
171
151
172
135
156
125
139
144
158
198
227
151
156
163
126
155
150
152
171
187
144
183
119
207
255
193
152
233
266
162
204
188
199
162
113
143
134
142
118
183
219
212
188
137
204
167
218
196
152
152
182
132
94
204
266
157
197
223
115
221
156
155
130
144
211
128
126
188
213
187
129
140
148
106
154
140
217
145
108
216
127
222
168
160
227
127
149
147
181
157
220
193
127
152
192
134
173
120
229
150
200
161
138
185
213
145
204
158
229
132
230
124
141
161
224
214
180
130
188
147
202
241
209
151
101
161
212
166
104
140
147
159
196
145
174
160
219
174
201
184
227
109
141
139
204
159
196
144
232
142
171
156
184
140
189
119
193
193
182
228
160
176
230
140
189
212
212
150
181
119
237
227
143
179
156
168
137
175
227
241
210
159
156
248
159
187
184
146
157
159
162
163
217
212
141
163
152
159
259
159
192
151
271
208
141
160
144
157
163
210
132
161
156
147
198
180
140
154
135
233
138
124
154
172
180
210
257
140
220
192
164
250
155
208
156
214
219
204
204
130
229
162
139
169
152
215
158
160
117
127
148
127
232
152
244
145
197
253
168
225
140
157
210
151
186
156
174
106
213
133
147
154
155
220
214
147
212
203
158
152
211
148
129
112
143
143
193
189
110
140
246
230
139
96
118
174
173
215
222
139
222
171
225
198
150
211
124
164
159
197
121
150
219
130
199
203
221
137
184
230
194
153
229
224
176
163
145
148
207
142
196
213
129
180
167
206
137
173
136
137
177
144
154
118
155
184
147
151
147
218
219
128
149
182
170
179
122
171
156
143
156
148
156
221
223
139
204
143
193
177
215
156
118
138
118
127
193
159
197
144
214
151
192
253
107
157
155
189
150
243
161
170
192
141
198
149
145
143
155
225
139
151
141
169
129
206
180
250
143
151
226
276
158
166
117
115
181
156
166
203
231
187
169
160
141
138
147
190
226
179
161
191
145
141
129
119
159
213
170
129
190
147
118
178
224
156
147
155
199
174
121
194
211
127
109
182
137
132
167
148
181
153
137
240
151
175
277
130
197
212
231
251
213
216
227
152
167
158
165
150
211
203
220
85
141
127
178
161
214
192
155
143
171
144
97
211
208
161
172
128
146
189
171
212
182
167
157
152
134
126
161
232
131
177
240
202
125
232
202
164
139
178
115
157
147
211
228
139
176
187
212
171
203
227
130
306
149
237
209
186
210
222
165
154
156
171
257
141
232
134
114
228
220
188
139
132
116
140
139
115
176
170
222
200
147
127
205
176
137
195
159
236
183
145
186
212
124
159
191
151
234
170
273
191
167
128
145
164
111
193
141
198
198
198
120
223
130
169
158
153
117
201
205
132
220
235
235
157
241
164
170
166
133
146
130
134
163
259
216
148
125
143
215
162
253
158
151
161
153
106
173
146
159
147
235
203
134
162
244
135
144
143
181
208
154
158
141
158
117
134
180
130
144
153
165
137
198
129
211
158
137
141
199
113
216
141
181
213
155
159
158
170
147
191
138
130
270
169
178
192
165
192
181
127
234
143
120
211
186
166
140
138
167
129
168
172
158
125
156
131
141
163
221
248
157
211
221
204
139
207
182
145
201
146
212
181
198
199
210
103
202
256
186
196
174
139
261
218
205
148
223
139
125
190
140
130
180
169
144
183
169
154
151
149
159
218
174
175
229
174
193
148
219
124
206
188
165
188
134
175
156
131
162
220
149
219
137
173
151
128
146
173
200
138
153
151
132
204
159
204
199
195
222
134
193
131
226
211
238
172
126
244
263
124
206
139
223
216
140
217
145
141
219
191
138
141
221
180
249
211
126
174
233
181
152
152
188
130
167
173
147
168
142
181
159
147
137
256
246
213
166
176
135
119
142
113
185
192
195
248
193
226
160
149
168
205
261
146
165
186
235
151
135
205
176
103
181
152
161
158
122
150
272
162
182
170
173
139
167
220
147
161
104
166
150
190
176
161
173
139
191
165
206
242
170
175
172
126
167
206
149
117
163
242
170
214
120
192
198
150
163
142
197
209
181
140
266
264
173
205
193
153
201
247
170
211
159
103
152
128
149
204
166
144
185
194
216
138
152
236
136
232
163
156
152
164
223
182
235
186
102
136
124
114
212
147
149
179
131
158
114
121
208
202
160
144
137
258
225
219
222
169
205
206
228
199
143
210
125
151
204
148
123
138
145
189
122
175
186
203
148
119
124
145
198
229
194
200
112
286
209
147
154
169
160
157
212
164
183
198
202
179
159
122
151
124
189
123
165
181
221
156
148
156
126
138
133
95
149
232
156
118
162
197
136
180
269
142
233
171
161
208
201
216
144
203
202
169
209
161
141
217
119
208
197
158
124
150
150
136
216
190
152
216
169
118
165
130
192
143
210
141
121
175
224
165
196
129
179
231
123
187
153
166
156
174
170
204
215
116
273
193
200
157
171
202
147
163
170
202
211
200
160
139
183
129
146
201
295
195
153
163
140
181
156
138
146
186
152
218
117
121
258
178
225
126
138
160
153
195
140
136
133
252
132
178
154
184
132
168
211
164
212
134
150
205
162
129
109
167
208
203
180
134
202
160
212
165
113
141
128
142
137
145
183
115
157
135
241
177
160
173
250
114
130
173
191
152
242
153
139
202
165
152
215
178
130
151
148
201
245
151
127
116
121
175
192
116
185
178
214
149
134
124
163
126
128
152
192
221
134
208
160
150
157
228
133
200
199
164
206
142
222
187
161
165
127
114
136
181
156
168
153
137
137
187
165
146
156
177
211
158
221
178
125
201
105
213
138
147
146
220
150
183
275
159
128
151
171
227
130
209
126
127
219
272
162
179
179
162
166
163
160
136
190
207
146
232
207
201
170
156
153
151
131
161
140
218
139
170
216
138
166
166
169
155
151
164
190
163
228
148
148
237
194
160
124
135
138
130
297
126
224
161
221
144
157
138
183
177
224
163
130
122
142
191
240
178
169
120
184
117
132
160
164
131
165
125
133
143
211
237
189
150
141
214
236
184
128
158
128
150
114
214
144
266
157
139
199
139
147
130
120
138
161
116
227
217
137
193
147
224
133
163
140
156
163
239
161
149
205
203
172
163
209
197
141
159
153
156
111
151
125
257
207
199
121
160
195
176
214
234
140
154
244
161
202
223
144
127
129
133
179
149
216
116
136
155
180
181
116
180
158
205
218
132
157
156
123
153
132
109
193
164
259
187
148
176
165
164
134
161
195
179
152
166
237
170
119
156
194
188
120
122
102
153
145
178
172
139
218
166
219
141
139
143
248
138
225
107
153
112
120
108
194
146
152
232
149
201
197
158
163
138
208
239
228
137
159
123
212
184
129
108
186
135
200
206
218
161
155
137
137
137
222
138
157
143
233
158
198
116
193
157
149
197
248
147
216
206
207
201
199
176
150
168
259
165
151
154
187
226
92
161
132
138
217
172
218
120
145
149
153
188
113
165
136
142
143
125
155
157
183
166
151
154
200
167
154
194
132
153
135
250
132
198
186
162
206
144
216
169
136
149
150
160
145
182
115
144
158
175
135
124
144
209
139
178
169
193
182
137
151
150
165
164
179
165
222
174
272
182
139
208
224
155
204
226
138
159
239
201
159
180
152
232
214
193
158
215
162
200
165
231
256
128
206
244
184
152
166
215
129
197
155
139
172
172
141
179
221
188
133
271
143
149
149
174
162
140
186
170
178
202
122
276
184
140
171
180
163
186
176
149
142
130
121
126
128
170
222
155
190
156
212
162
230
148
254
249
135
221
127
135
182
142
135
137
187
119
170
173
158
203
171
119
162
201
138
139
174
136
138
226
185
135
125
207
224
270
130
150
215
209
143
185
166
224
134
165
144
124
137
173
216
130
213
220
237
120
189
159
110
183
215
119
200
148
167
151
206
173
200
173
223
256
210
136
156
179
218
184
164
213
160
158
193
154
160
157
138
146
126
221
221
138
122
191
161
159
115
206
219
146
211
148
203
175
262
148
130
163
218
217
231
151
160
177
162
167
213
169
202
292
188
145
205
184
213
139
136
134
155
168
119
179
148
169
125
161
124
144
138
223
129
124
208
223
241
224
207
141
211
149
216
221
141
172
178
147
121
159
188
146
107
152
234
180
192
161
128
153
189
154
211
169
226
249
160
262
221
182
256
166
151
139
228
152
129
246
123
241
221
202
145
144
119
182
133
143
157
134
188
208
206
192
157
153
139
148
143
139
157
192
171
151
151
243
151
123
158
182
144
153
209
172
162
99
144
215
164
264
146
146
158
181
169
223
198
190
122
128
270
179
196
163
137
133
124
154
129
258
143
198
282
182
133
226
175
134
121
136
188
158
161
208
183
190
119
170
217
145
153
119
146
164
227
140
132
238
127
175
247
215
131
229
100
203
223
122
203
213
184
210
145
156
237
186
135
153
126
215
177
226
201
145
143
222
151
202
154
127
209
244
166
209
143
164
282
138
137
154
162
226
192
201
140
181
194
158
190
183
129
143
179
164
154
154
156
259
181
186
176
131
256
187
205
219
185
200
240
206
204
196
130
149
157
114
193
197
171
151
197
159
154
123
155
166
128
163
235
199
137
160
153
120
166
208
244
143
184
139
192
178
208
175
230
153
200
145
225
153
107
136
129
193
166
174
136
139
296
136
256
229
219
139
160
179
134
216
182
207
145
201
122
150
171
145
147
194
217
230
227
148
241
172
267
202
206
174
163
205
124
134
164
137
174
200
172
223
155
174
141
177
261
190
112
154
171
186
191
160
167
132
166
134
153
161
146
200
149
174
222
134
163
219
161
162
200
222
201
127
136
231
209
129
227
171
140
175
176
137
132
172
155
231
226
152
162
168
124
218
210
224
167
183
199
175
109
152
175
232
225
195
162
195
182
167
163
177
109
217
127
186
130
239
203
222
155
270
141
189
176
145
135
144
172
230
171
183
137
233
161
178
247
179
140
126
125
166
222
248
165
113
271
154
218
125
130
196
144
191
164
124
144
178
127
121
131
136
115
142
201
269
150
169
175
176
150
129
184
204
141
132
224
163
187
165
131
180
180
192
195
146
204
126
148
170
136
210
155
115
107
197
150
196
136
160
197
131
186
170
137
147
175
154
138
153
293
210
207
174
195
143
172
153
165
169
193
150
121
196
210
144
213
187
156
147
164
176
134
261
140
209
213
158
252
190
147
173
195
208
151
141
178
223
178
145
191
151
150
216
194
213
155
195
161
174
188
152
151
155
159
241
150
207
142
125
141
148
129
155
177
137
173
204
220
142
241
150
195
138
193
128
160
208
133
152
145
200
192
156
113
217
132
126
130
162
146
178
142
193
195
114
222
211
162
146
151
163
153
146
217
169
119
191
189
204
138
153
140
180
124
180
157
113
219
209
131
179
175
196
142
145
174
194
245
128
127
202
213
155
152
210
139
193
198
205
197
130
179
221
149
164
222
206
286
254
178
145
223
185
135
135
138
173
233
181
184
171
239
178
123
115
218
226
147
200
265
127
124
215
131
126
155
154
190
160
111
152
142
144
218
150
181
243
213
143
171
188
241
185
202
138
136
192
224
134
139
151
113
211
203
153
179
183
163
199
226
237
195
130
178
197
214
141
222
146
291
150
156
201
156
213
221
148
143
223
155
174
212
195
147
194
217
151
159
147
152
187
141
204
203
142
285
98
207
184
130
143
218
132
125
163
152
179
202
137
154
129
133
134
133
143
156
149
147
153
201
162
179
124
177
150
161
118
109
137
197
162
132
203
186
268
165
218
148
167
202
121
228
144
142
162
130
147
147
160
175
144
146
212
150
199
247
144
130
194
148
152
153
114
169
203
136
253
136
190
223
199
151
141
176
177
149
179
96
117
263
221
150
136
227
143
117
141
118
218
164
165
109
201
123
107
152
185
130
177
155
142
222
129
179
212
218
213
177
190
165
208
147
133
179
190
148
162
171
159
245
189
138
192
199
171
130
148
157
224
177
112
233
124
217
181
225
191
100
200
178
140
197
127
169
145
157
133
140
130
209
149
220
200
159
143
157
239
133
165
219
141
157
185
137
244
162
178
178
238
164
154
253
103
92
123
180
217
210
148
98
180
116
139
211
220
120
167
164
143
125
164
209
219
115
175
172
148
212
160
199
126
144
171
275
232
156
210
147
154
154
149
207
102
159
153
225
246
114
150
211
141
143
138
191
123
165
171
137
220
213
148
225
157
206
163
141
148
150
118
172
205
222
223
207
149
166
197
146
206
187
225
156
154
249
177
232
210
193
211
158
170
137
162
171
142
173
157
126
153
121
135
169
154
130
121
158
211
171
144
158
150
176
181
120
178
220
137
114
198
151
252
150
153
237
85
184
125
147
222
146
214
156
191
171
199
165
153
146
183
211
150
210
121
222
209
125
160
190
157
119
147
224
173
131
272
159
185
229
125
250
144
210
210
166
156
118
136
121
227
151
152
110
141
142
135
260
201
262
159
150
132
214
226
142
233
174
261
142
217
219
187
126
138
127
142
204
133
147
137
198
233
204
133
231
187
222
159
145
126
155
118
214
122
196
170
160
219
144
165
170
148
151
192
149
137
200
232
204
113
151
112
110
182
214
236
183
114
214
148
150
142
157
153
145
223
202
199
116
161
169
139
164
173
115
194
202
126
160
213
116
299
145
165
155
157
139
245
156
197
180
159
204
149
228
140
138
210
157
141
158
146
136
225
136
215
157
124
149
167
174
221
199
170
202
150
203
175
151
124
250
219
158
210
168
230
208
195
166
155
134
135
214
222
160
174
178
225
148
173
126
165
139
203
127
186
207
186
159
138
147
129
127
232
232
112
174
150
209
182
132
152
195
186
141
193
135
196
157
194
130
102
142
125
141
218
193
136
113
120
130
158
125
169
217
141
136
122
151
155
98
144
138
138
122
142
146
200
206
124
166
225
148
218
143
151
166
170
143
250
151
166
178
134
132
160
103
137
158
170
148
132
142
132
237
111
161
166
150
190
163
165
162
122
150
194
113
156
137
144
196
152
113
162
146
108
218
138
194
201
149
151
124
121
187
140
216
201
155
156
210
233
177
165
161
144
116
139
128
115
99
142
101
174
255
193
146
205
169
157
107
138
241
131
197
152
149
148
247
147
128
137
144
147
259
173
190
154
198
188
133
221
145
229
205
137
160
146
142
151
202
158
126
220
168
197
165
152
161
140
156
176
124
217
130
144
205
130
147
179
165
124
227
208
161
178
209
178
177
148
124
163
179
134
181
134
189
243
160
221
181
162
208
202
220
180
130
235
129
189
147
208
146
173
131
163
153
205
228
226
162
205
145
234
153
150
160
114
226
171
158
131
171
207
148
154
93
155
140
168
116
206
124
143
180
171
201
128
198
139
175
126
165
181
134
200
211
109
152
226
186
121
154
196
135
170
262
126
150
148
157
163
114
194
151
161
130
119
146
176
128
158
146
158
186
136
229
152
132
178
143
134
152
202
143
166
225
209
114
148
134
208
152
141
158
196
173
181
157
123
122
162
155
163
136
211
137
202
158
135
172
195
227
156
137
142
137
174
140
163
165
131
173
166
236
197
203
235
162
162
127
117
179
196
124
150
151
231
234
189
163
161
187
228
218
133
171
198
173
150
155
168
188
226
153
229
123
150
163
210
205
183
155
166
167
209
204
193
182
174
165
186
208
208
230
194
160
148
133
207
169
203
122
196
229
180
236
220
189
130
116
148
211
151
176
160
150
139
180
192
129
173
221
125
203
166
197
219
156
160
202
178
121
117
175
200
185
185
222
228
206
200
171
148
164
194
140
142
161
190
148
155
135
195
155
211
138
180
209
156
172
163
159
169
194
221
152
286
126
123
182
217
186
127
160
141
259
203
246
153
176
223
138
178
212
152
134
179
144
162
176
180
131
154
232
159
116
126
195
220
147
141
174
155
154
188
187
202
139
235
161
135
210
133
267
207
103
216
195
237
175
151
190
154
123
126
214
136
237
157
151
145
197
224
157
212
179
132
216
123
133
122
258
156
185
188
241
152
157
168
159
167
156
201
186
143
160
140
214
163
204
127
179
148
156
174
177
169
142
218
140
222
241
137
204
176
142
139
150
138
207
175
197
235
127
147
122
200
200
153
157
167
141
148
219
158
138
224
142
169
209
175
142
202
123
142
212
134
211
134
164
170
209
217
261
257
188
144
186
138
159
266
176
185
237
162
164
240
256
130
113
152
147
179
173
139
160
173
155
156
157
161
157
173
175
132
157
145
124
210
163
148
170
266
198
201
200
155
149
172
212
149
217
252
258
144
134
126
129
164
244
155
163
174
142
176
221
137
150
209
174
272
196
216
183
171
174
157
166
210
142
136
149
199
124
163
121
148
141
197
221
247
200
153
220
194
152
210
145
212
156
220
235
164
110
174
130
252
199
215
174
238
125
196
124
204
218
126
152
153
136
129
129
115
116
134
147
150
176
186
199
132
150
138
211
138
141
146
154
146
173
186
183
211
143
178
155
195
131
160
172
179
157
202
126
198
175
191
209
208
251
152
166
215
140
136
213
196
135
219
221
102
268
219
205
191
175
226
289
152
156
210
132
185
230
184
163
160
102
123
188
213
191
155
215
147
160
113
165
225
163
114
168
181
146
205
153
183
143
271
194
215
133
182
231
248
217
139
166
199
143
179
167
166
106
206
220
195
213
142
191
232
183
126
245
164
188
215
131
196
159
180
180
174
228
153
130
200
143
134
167
135
114
164
169
108
171
202
255
227
110
122
136
223
120
156
128
123
189
182
156
147
154
123
145
205
127
150
142
113
141
241
144
161
206
201
147
210
121
111
154
138
119
214
148
149
132
188
160
159
145
244
188
135
184
159
188
155
214
167
137
186
137
187
141
131
222
168
166
139
237
128
185
153
217
157
157
225
142
142
131
214
182
135
162
128
145
136
129
155
139
198
142
131
142
198
124
173
165
140
114
203
238
247
152
157
211
190
205
196
149
234
176
159
170
222
141
146
268
209
144
138
220
256
215
217
187
221
144
211
174
156
162
151
142
230
124
216
148
103
260
149
170
127
165
161
183
177
103
183
145
175
135
140
207
144
145
179
187
165
174
189
146
151
225
155
203
153
124
167
151
229
176
134
181
190
175
212
207
197
168
130
167
233
151
158
164
146
229
167
175
200
140
146
170
218
148
162
184
125
211
137
217
172
144
170
119
134
237
223
230
111
126
132
162
153
172
180
249
209
181
137
141
166
194
189
146
187
158
144
143
163
149
179
187
147
242
211
202
135
120
151
160
186
211
179
196
178
189
234
155
154
157
203
139
161
143
164
154
136
212
205
152
236
159
197
134
220
147
153
152
174
146
292
166
138
118
112
183
146
147
250
134
239
164
120
248
166
214
154
108
142
269
209
148
130
121
207
203
112
148
173
199
145
151
199
145
141
144
176
195
216
130
109
215
152
196
133
207
131
209
202
140
217
116
170
169
192
131
228
182
184
220
144
172
224
143
142
204
184
191
135
183
164
116
203
154
146
223
126
217
124
159
154
185
239
240
178
161
165
214
134
212
154
180
191
219
221
236
173
207
130
234
146
184
226
135
174
167
183
166
182
161
148
137
141
135
109
144
136
196
157
158
202
129
191
204
159
131
188
221
135
132
142
294
173
202
179
177
132
249
182
147
119
147
142
142
135
231
233
156
198
195
129
204
137
150
168
142
143
157
170
180
153
185
141
138
144
171
153
132
165
142
227
137
180
149
155
139
142
224
182
129
173
146
142
193
164
192
185
111
119
208
166
162
129
193
131
150
218
146
229
166
154
238
152
159
137
205
148
142
254
126
231
162
153
254
172
158
179
200
124
264
246
149
165
155
230
128
209
159
230
178
216
214
160
160
156
172
222
116
186
138
144
204
145
201
153
138
134
238
229
203
143
136
155
222
146
140
111
201
224
203
162
141
141
149
158
180
190
142
136
181
207
225
276
152
194
142
177
199
171
192
222
161
164
202
149
150
206
135
141
163
177
242
147
156
111
278
259
185
183
139
139
179
194
225
131
148
106
163
159
164
168
131
207
143
147
224
129
142
205
176
150
126
181
165
171
216
220
154
152
129
197
243
139
159
136
190
231
138
179
142
161
173
156
166
152
127
155
133
213
159
214
219
206
159
157
192
214
226
227
213
193
163
178
121
164
154
202
126
214
145
153
193
142
175
162
146
154
191
131
154
208
164
153
123
207
148
214
203
196
171
172
139
181
99
180
133
140
311
167
137
182
161
153
127
239
123
160
133
203
189
162
139
153
173
206
145
118
196
170
246
149
176
139
148
146
150
169
218
172
112
236
259
260
154
213
171
185
147
221
193
202
193
221
127
184
117
153
137
226
225
190
161
204
217
189
112
129
222
175
182
210
213
140
233
219
93
238
170
144
190
187
121
247
164
191
138
207
213
219
157
104
150
206
184
278
147
195
134
238
215
177
167
151
121
136
209
141
144
248
126
119
196
136
228
191
115
172
230
136
213
187
137
145
132
158
137
224
132
165
212
128
192
138
125
264
274
135
207
111
152
126
264
252
111
139
126
137
210
167
213
157
124
153
161
238
132
207
193
125
149
140
191
149
154
217
139
107
161
176
223
117
188
120
172
191
154
255
209
203
124
137
210
142
155
177
122
235
224
132
218
132
153
149
163
140
219
128
168
174
139
226
147
173
157
256
124
179
272
222
236
101
223
141
120
172
233
139
191
124
148
160
166
149
140
201
167
160
137
251
108
137
197
177
158
203
162
150
140
156
177
222
144
220
133
141
107
175
268
125
215
211
170
172
141
270
147
100
201
125
155
142
207
206
178
196
180
229
241
169
219
221
150
194
173
154
229
140
185
135
235
172
224
146
125
162
183
122
155
231
168
200
215
142
168
222
137
181
156
153
118
151
162
181
163
140
158
121
174
217
158
120
197
150
169
206
142
223
271
204
120
145
151
157
141
153
222
143
225
179
134
197
147
173
196
140
165
175
113
151
147
148
215
218
244
205
118
218
211
180
257
139
158
167
165
178
254
162
213
149
195
118
258
140
169
131
207
131
248
211
127
217
136
128
184
183
159
208
167
181
233
144
168
152
181
164
129
140
159
143
158
150
233
202
210
136
159
161
145
193
128
159
151
201
225
147
160
144
161
161
156
143
154
141
119
217
130
187
141
232
243
146
162
211
180
105
121
143
162
197
193
165
167
143
129
122
212
197
212
142
159
142
175
224
171
171
215
124
133
138
150
153
153
228
147
133
154
173
145
159
218
157
172
123
177
152
133
187
165
219
180
123
144
157
204
189
127
162
157
230
234
144
183
228
184
134
136
131
222
163
255
237
108
213
187
170
140
138
236
172
148
215
150
134
172
155
168
134
218
181
119
178
131
153
133
213
132
205
128
193
134
137
212
225
162
210
167
153
153
127
153
148
149
132
221
147
141
177
149
132
119
208
136
143
132
218
211
238
156
196
128
179
157
174
172
195
182
133
195
137
146
168
176
154
171
115
137
136
141
211
190
169
179
134
166
134
162
135
130
157
188
191
175
139
212
153
130
254
147
156
192
210
256
281
191
131
120
219
164
161
175
170
182
138
117
210
141
149
218
259
228
135
243
139
140
146
171
183
162
131
157
165
192
200
177
165
204
149
135
173
114
131
154
205
128
163
148
215
230
156
140
204
162
238
166
224
200
141
234
131
167
131
122
109
127
183
271
154
142
121
223
123
140
126
170
222
125
147
199
210
135
129
172
129
189
123
211
143
185
206
193
140
135
168
168
159
196
134
164
204
227
145
230
164
209
186
209
202
153
244
135
164
212
226
117
170
182
169
120
142
123
245
191
141
185
228
165
150
179
169
158
162
152
149
140
136
214
186
191
150
136
211
134
158
146
172
188
137
217
260
148
221
206
180
193
222
189
162
142
185
232
228
187
212
156
282
158
282
140
129
173
139
203
140
151
210
154
162
158
202
268
163
134
107
189
158
142
136
151
124
143
228
190
253
106
185
135
178
144
178
160
134
190
137
176
155
139
153
182
106
137
179
173
142
136
154
202
135
200
184
219
143
220
151
247
149
179
183
164
142
217
155
132
210
171
153
165
174
135
159
184
240
170
172
157
120
218
117
159
146
168
155
225
182
219
217
165
136
109
134
149
200
131
205
156
205
135
230
183
154
189
145
142
177
237
189
152
144
276
144
160
130
237
167
140
218
192
141
155
194
144
170
115
148
150
139
163
177
230
216
209
195
161
159
155
210
160
198
216
217
219
225
213
151
209
139
209
153
159
133
115
132
197
149
163
136
175
198
156
145
139
166
134
132
120
127
131
140
163
123
188
229
186
128
185
134
155
233
129
153
133
140
152
113
212
140
136
253
224
136
141
144
175
155
132
181
135
125
227
137
127
172
195
134
170
182
210
141
222
214
144
202
128
179
177
198
138
160
224
162
130
132
156
147
207
172
203
135
177
152
156
204
166
165
136
185
198
163
150
123
170
163
176
123
228
141
144
138
138
231
197
140
188
165
177
137
195
143
138
197
196
201
164
130
100
150
139
197
152
159
123
185
185
129
173
142
263
184
141
224
178
119
174
163
156
169
205
157
163
168
208
173
205
162
114
124
180
150
189
226
142
141
125
119
138
167
168
127
137
128
225
165
168
196
207
179
129
154
117
199
142
153
173
186
177
136
132
210
127
142
144
159
169
252
184
247
184
132
128
163
166
123
281
146
146
113
169
147
150
215
160
149
253
242
155
198
217
210
150
168
224
140
179
157
129
186
163
176
206
135
138
235
225
217
175
127
179
169
129
136
137
142
246
232
141
164
166
216
117
186
125
180
158
143
149
176
178
223
237
148
227
136
218
151
216
227
140
129
120
143
153
172
134
140
236
133
200
204
165
167
178
174
216
129
170
158
139
166
259
204
144
120
188
180
131
167
215
175
120
191
185
164
174
213
199
150
137
119
155
173
131
153
211
153
116
204
160
150
137
145
175
129
191
173
195
224
184
186
142
132
124
215
220
150
163
132
155
158
234
145
243
210
171
123
149
220
229
173
154
166
236
171
121
241
176
141
161
156
236
136
147
149
138
124
127
161
120
124
152
151
185
172
193
193
208
156
140
238
143
154
182
166
138
172
115
221
155
227
141
176
138
149
196
85
174
122
189
170
152
128
157
142
135
251
194
173
137
149
155
150
108
215
163
196
159
151
148
144
160
190
172
148
153
152
165
157
160
232
169
205
152
147
159
93
154
213
121
179
150
88
231
157
128
192
229
212
157
146
161
144
172
120
234
221
177
235
167
205
138
152
263
144
168
118
159
132
155
164
203
133
213
233
154
124
127
114
206
182
160
165
166
193
204
160
136
117
169
141
259
209
192
121
263
190
153
184
123
180
151
174
226
233
118
224
166
175
156
231
121
143
127
191
171
139
218
146
175
250
146
141
179
150
239
145
177
136
143
182
151
267
189
122
134
260
154
183
152
156
146
222
149
219
154
194
158
175
116
137
139
176
157
136
168
163
208
153
110
257
189
148
140
153
188
213
190
189
248
176
140
131
190
154
198
164
108
163
246
243
145
161
199
189
173
203
190
166
151
128
196
211
194
133
180
193
139
207
156
207
154
218
110
108
183
167
148
199
182
177
137
218
189
219
204
169
211
175
145
188
162
139
243
138
217
168
171
163
176
159
140
201
151
166
132
129
154
203
157
152
167
171
164
169
154
142
170
150
152
149
235
212
304
179
93
215
119
220
132
214
197
188
165
129
164
159
206
179
162
214
104
136
119
212
132
261
219
139
128
137
213
219
197
162
219
192
206
177
250
211
136
195
177
291
203
123
182
129
162
139
163
224
199
188
170
242
109
131
226
164
206
232
132
130
218
125
143
211
169
146
144
122
165
197
222
217
161
128
140
136
145
188
196
136
161
142
131
123
169
163
213
151
220
209
141
220
144
134
125
139
189
129
219
143
193
147
156
140
123
135
134
273
151
144
155
178
170
181
134
170
220
228
139
203
175
134
149
158
270
154
154
138
192
156
229
148
153
111
126
157
126
168
232
157
144
160
154
144
202
180
112
139
210
130
225
159
211
137
130
145
200
191
234
252
155
224
135
213
232
183
157
144
160
117
119
156
240
170
123
127
204
168
125
214
157
150
130
238
147
143
158
215
139
136
123
193
139
117
204
124
157
159
195
111
151
178
162
142
185
143
226
153
205
245
249
122
161
117
270
207
205
221
205
173
136
152
210
137
140
181
283
213
203
155
161
126
143
227
157
130
213
182
149
147
180
147
221
173
161
211
192
141
198
215
133
179
176
193
151
198
186
118
195
255
132
140
204
136
126
133
157
190
111
160
130
148
145
281
212
213
201
189
200
148
226
175
170
137
196
133
139
224
132
162
187
138
156
132
139
220
145
137
113
163
189
159
162
156
232
138
243
264
192
135
150
161
154
164
147
195
198
239
229
144
167
159
141
216
109
160
205
153
136
204
161
124
145
240
161
155
202
252
156
122
189
177
189
132
147
211
169
198
212
205
163
212
184
134
247
205
193
214
141
143
122
133
117
129
146
194
130
207
143
174
191
161
209
197
195
170
133
173
185
134
173
169
195
223
145
165
215
146
153
98
163
166
227
159
150
154
135
192
217
116
146
240
130
158
182
157
212
139
216
170
162
198
143
167
176
189
198
160
215
189
183
127
252
144
193
152
124
180
134
168
184
166
153
133
209
152
195
193
201
206
215
130
163
138
165
160
165
158
133
180
171
198
180
128
246
161
153
207
164
172
229
171
125
156
195
171
167
181
170
117
152
180
224
188
167
131
172
137
203
204
154
116
272
133
208
138
257
144
208
219
173
212
136
158
186
165
227
157
121
187
229
151
228
169
189
190
127
150
138
146
155
169
228
139
213
140
216
205
172
188
142
120
247
195
163
223
168
209
151
133
131
133
161
138
140
154
178
240
209
210
144
182
131
193
162
146
178
126
142
132
138
167
153
214
162
145
145
172
190
182
154
142
229
187
153
181
201
195
157
166
145
138
196
189
143
173
127
151
192
150
132
115
131
135
148
165
173
235
206
168
195
142
238
146
160
250
157
156
243
154
213
174
213
111
157
122
135
169
152
152
102
150
153
195
182
188
119
170
214
140
202
229
140
133
200
183
111
127
139
143
162
133
138
118
150
164
211
160
155
147
196
229
140
117
236
136
195
149
190
185
136
142
192
140
200
172
183
183
274
220
153
229
216
212
157
150
194
173
147
146
162
163
226
193
220
218
219
137
147
144
185
155
132
135
160
224
140
143
133
239
151
158
189
156
241
192
155
220
170
132
196
156
197
221
130
168
148
174
136
186
106
131
156
214
150
186
236
160
221
162
147
227
224
156
155
155
144
228
254
222
178
136
114
188
143
170
217
225
137
164
113
156
237
152
146
125
141
225
199
132
213
218
143
127
205
171
274
134
125
227
107
131
243
134
230
148
130
205
142
205
157
109
114
211
135
186
181
148
152
220
237
203
184
169
205
240
136
196
142
209
161
215
121
275
231
216
157
214
123
178
142
238
221
177
136
132
145
180
130
130
133
158
166
208
104
221
148
148
217
131
139
197
133
134
205
152
149
129
188
110
217
147
126
182
200
157
210
119
146
147
138
146
175
157
213
221
131
155
169
177
148
118
108
178
216
219
216
150
151
170
219
164
153
160
116
133
226
156
212
122
220
205
148
156
163
184
124
173
144
192
138
126
190
213
273
278
152
184
137
143
141
145
198
155
129
160
210
157
184
206
119
168
123
115
208
160
215
278
198
158
143
188
108
151
138
214
198
218
151
154
143
152
131
139
183
126
160
190
148
153
165
131
235
157
218
147
155
133
177
179
141
163
141
142
122
189
156
143
161
191
214
154
127
216
239
150
222
184
248
142
186
179
216
173
160
174
141
161
157
173
201
195
272
149
181
139
145
191
139
133
140
146
133
155
162
216
143
135
116
218
173
233
136
132
211
113
193
161
100
206
138
142
133
169
199
138
157
205
173
176
151
160
176
270
156
117
176
166
206
137
209
144
148
172
162
139
195
225
141
176
129
151
134
126
145
151
160
152
170
170
181
152
174
137
159
149
129
168
167
135
161
149
189
225
210
226
135
273
227
129
137
202
243
153
262
183
171
134
140
134
160
164
175
170
113
271
298
136
139
170
135
173
197
165
146
162
138
130
153
201
147
212
146
119
286
138
205
195
124
193
150
168
175
147
181
144
196
223
132
113
133
195
152
153
199
190
161
171
237
151
213
126
133
238
154
193
123
155
169
139
106
155
133
132
151
148
139
227
166
173
144
138
186
143
146
184
189
208
180
221
193
203
199
141
141
218
125
126
131
147
213
125
124
129
163
142
202
194
141
115
144
152
196
221
128
203
144
249
166
144
118
106
132
148
161
215
202
118
219
230
154
253
210
170
154
158
128
181
166
151
202
116
177
150
146
159
120
117
159
165
203
198
151
133
190
157
201
140
209
199
156
169
206
160
173
235
141
211
115
196
196
185
122
162
139
145
236
204
174
157
163
154
216
189
126
139
144
220
112
210
201
163
171
180
225
188
160
143
148
128
200
125
151
169
155
218
126
211
114
213
139
194
137
137
134
217
205
173
169
144
155
197
150
196
113
219
154
195
154
207
218
157
198
180
198
147
210
234
144
142
149
284
150
148
170
181
240
173
245
142
188
187
118
134
170
195
239
146
148
236
148
215
205
134
207
188
151
189
167
140
125
160
138
136
156
196
133
241
207
142
152
209
130
205
140
125
182
149
190
138
153
136
253
170
154
153
125
203
189
136
148
247
133
149
217
216
168
237
138
166
219
158
221
182
160
116
151
149
194
200
194
220
147
211
224
220
243
174
162
118
145
132
177
166
190
158
210
120
146
205
124
180
161
189
122
194
198
172
141
240
153
179
104
122
133
213
220
156
192
219
203
141
179
243
140
196
203
132
135
140
136
135
155
156
177
223
178
144
142
269
157
204
210
167
162
267
160
132
223
136
165
172
242
139
189
236
201
139
189
225
138
120
137
201
195
186
167
149
167
177
250
210
156
245
116
281
221
198
130
179
166
207
110
208
151
222
133
155
141
175
141
204
136
199
151
216
166
214
142
205
140
127
144
149
144
112
175
128
130
163
224
147
178
158
161
156
224
164
121
207
141
194
133
150
200
221
178
198
166
144
158
226
225
253
228
172
249
190
134
136
184
198
234
208
223
161
187
227
167
192
194
227
214
179
135
203
149
265
117
140
140
259
248
121
184
121
242
224
154
150
155
202
124
135
156
149
146
208
152
172
178
147
220
232
117
176
166
157
109
207
175
217
126
156
223
140
155
130
188
138
197
218
189
193
143
173
176
302
127
227
215
184
178
182
165
170
121
209
234
144
138
211
203
162
157
161
187
228
167
187
169
136
172
169
182
143
167
201
235
154
205
156
145
217
156
127
219
140
119
130
153
152
187
286
225
150
128
198
151
218
241
172
118
172
148
122
181
162
152
117
205
156
196
142
138
139
190
176
147
169
144
157
202
148
158
215
224
167
142
242
233
194
208
141
112
158
146
142
255
126
132
163
255
207
191
215
129
130
180
179
164
129
220
138
228
245
156
163
172
190
152
157
154
226
186
168
145
176
189
134
150
202
148
231
162
132
151
180
201
208
216
196
173
125
115
183
264
183
268
203
136
140
197
197
164
222
199
177
152
171
147
210
146
201
289
160
217
144
149
165
195
126
192
211
176
150
163
195
210
169
215
155
218
127
136
143
253
150
180
212
225
262
146
148
182
183
210
174
143
166
140
171
138
141
193
166
137
202
165
165
143
192
143
239
223
262
149
150
162
186
202
242
180
176
179
164
187
112
176
204
145
167
193
131
133
186
264
215
171
153
153
155
132
183
203
191
173
213
144
142
119
134
153
208
151
180
141
125
152
215
231
162
199
147
191
98
154
128
212
260
270
143
141
176
114
172
149
241
255
214
147
134
222
178
149
222
120
153
155
249
133
163
183
155
201
164
182
195
210
130
147
215
140
244
141
169
151
173
153
136
121
252
173
156
202
199
169
223
217
157
197
162
173
117
176
190
197
130
238
197
150
120
113
153
207
114
135
155
218
141
207
147
167
132
173
128
136
141
220
208
156
121
155
152
150
142
152
153
210
98
217
186
203
148
225
132
219
156
164
206
156
156
159
129
215
188
149
146
149
256
196
186
217
183
104
229
133
149
160
239
146
120
160
212
115
202
170
202
208
228
131
171
119
192
207
167
147
269
178
164
144
210
143
173
198
201
143
215
183
233
230
181
149
222
146
145
164
146
234
211
139
203
155
232
150
153
141
221
205
156
87
189
154
143
159
209
152
149
130
173
120
132
214
206
248
204
207
223
199
204
252
151
171
139
163
128
196
187
140
205
130
130
161
177
138
138
163
153
137
190
155
163
208
142
149
151
182
143
172
220
232
171
144
111
211
160
166
168
168
147
150
207
190
176
229
146
172
137
158
221
128
161
172
225
172
228
130
145
137
220
172
217
156
147
156
212
138
213
111
214
155
153
140
133
174
130
186
138
142
200
131
170
195
161
161
214
192
176
149
215
135
144
104
239
208
165
204
227
99
149
247
142
158
136
158
185
141
119
154
119
172
116
257
105
222
146
161
125
120
139
143
189
156
191
194
150
154
175
251
138
239
140
182
135
139
191
179
145
182
163
144
219
154
170
154
151
240
143
161
151
227
150
219
267
178
149
149
196
195
189
230
151
154
148
205
212
199
139
183
168
136
213
183
94
160
211
137
178
206
127
151
169
200
285
162
210
187
224
160
241
187
215
190
156
142
142
204
155
181
165
136
221
188
265
186
174
197
171
160
231
178
218
102
200
162
224
170
130
201
167
175
144
209
151
159
183
195
133
210
162
136
182
171
202
183
99
168
112
128
106
218
150
131
122
269
185
172
133
220
148
161
143
133
189
241
215
230
232
142
150
214
226
172
140
136
206
210
231
157
148
144
124
125
162
157
137
114
163
163
138
270
231
139
236
199
239
137
239
225
123
140
115
169
149
131
169
123
124
186
203
160
121
180
199
128
176
147
163
158
70
221
128
186
172
160
239
162
144
165
134
145
201
120
145
200
199
153
226
134
144
172
171
133
123
172
186
185
159
134
147
181
133
124
209
155
158
202
194
137
153
140
132
155
165
195
170
204
185
178
149
208
165
260
181
151
270
165
224
126
243
162
142
161
147
123
221
127
163
173
177
139
133
205
168
129
167
118
139
173
147
165
132
169
197
144
146
214
191
169
212
185
107
124
206
192
171
224
206
155
183
139
182
182
142
138
161
158
156
136
164
136
158
221
192
203
156
122
212
146
200
264
125
141
162
165
146
204
182
157
117
231
135
267
176
127
176
128
116
114
169
212
92
258
110
135
144
170
200
159
236
134
185
146
222
218
142
189
145
190
163
188
207
170
183
157
141
158
119
145
189
210
222
197
214
139
149
145
219
161
188
138
149
223
235
141
241
144
185
176
202
156
253
160
220
228
121
157
161
190
130
131
146
135
116
163
137
218
203
196
159
222
156
172
157
139
157
144
156
159
171
162
199
164
119
160
218
145
196
144
154
196
149
207
139
162
160
224
132
144
141
207
171
145
205
170
255
212
109
132
183
272
283
198
133
220
260
148
152
152
195
134
155
206
208
149
130
147
246
162
201
194
215
176
168
117
197
156
214
112
178
144
182
136
135
164
210
276
154
132
131
153
222
164
205
154
181
200
141
155
179
144
118
195
231
118
155
115
102
237
150
104
161
185
128
220
174
191
172
206
197
153
201
148
143
141
226
131
188
151
142
134
115
236
172
120
240
247
137
214
163
168
130
195
206
148
