200
125
148
146
106
200
136
134
253
103
112
208
194
135
202
220
142
196
236
190
148
161
235
188
157
151
126
240
163
186
133
140
216
199
121
124
170
131
209
149
200
167
237
170
217
123
190
174
167
164
121
197
131
142
253
151
181
159
141
209
164
242
138
280
152
148
170
201
149
220
188
202
141
208
112
198
122
150
207
212
121
147
211
222
158
119
132
219
192
204
212
200
131
213
250
152
150
188
156
143
259
111
191
188
217
213
155
151
151
152
170
222
129
158
170
187
190
140
126
219
90
234
156
146
188
217
215
194
140
157
205
195
199
208
170
123
129
147
167
138
140
120
225
131
226
159
143
127
137
212
135
158
217
217
215
211
226
150
116
191
239
205
150
158
199
116
163
233
155
175
120
169
145
199
145
241
127
124
151
132
207
148
124
237
177
161
127
156
168
124
136
205
197
244
191
215
136
202
132
169
170
156
212
185
134
113
147
193
160
128
218
160
145
171
139
208
225
115
177
202
177
151
239
247
128
146
134
132
172
237
221
158
148
150
153
138
214
118
188
190
176
155
145
175
192
154
205
159
159
155
163
141
203
173
111
137
134
136
177
177
170
212
120
121
164
127
156
205
203
150
204
168
202
180
179
144
139
185
188
129
227
175
192
220
164
159
189
160
240
131
154
149
142
156
150
127
174
200
126
167
129
137
188
231
149
225
182
171
153
180
149
165
160
106
129
121
207
167
151
139
172
129
125
160
156
196
157
160
188
193
179
195
206
130
153
142
260
200
176
184
184
154
151
269
194
235
226
199
159
221
191
175
139
209
155
135
115
161
109
162
197
112
163
148
151
153
175
163
178
176
127
211
162
160
177
131
126
212
249
221
233
267
172
121
153
220
253
119
156
157
214
127
132
163
165
152
136
208
184
160
143
149
170
205
166
185
174
229
138
153
185
154
127
168
160
145
224
174
200
158
114
188
213
150
166
162
184
202
152
196
202
168
201
163
258
206
168
126
182
149
133
216
185
148
158
122
219
208
190
175
136
135
128
211
215
123
109
162
213
125
125
130
144
200
151
135
165
166
197
100
123
138
123
137
142
194
122
215
216
178
160
192
203
231
178
202
138
174
121
207
131
241
195
213
151
148
147
163
202
173
146
220
183
138
209
203
136
123
215
183
137
125
135
153
168
161
135
168
234
208
149
125
124
162
150
200
150
163
204
163
162
145
117
168
148
152
153
111
169
139
128
155
132
145
156
236
206
125
131
213
132
178
183
231
144
180
158
221
238
119
135
146
190
228
150
121
139
198
153
121
136
188
176
148
231
170
132
168
178
128
127
148
177
181
138
178
178
152
142
184
166
205
233
187
158
163
135
119
132
137
188
174
205
186
198
111
172
160
189
215
172
175
126
126
161
125
168
169
112
162
164
163
187
149
175
185
155
142
172
155
248
165
192
115
224
216
217
207
206
142
130
163
197
220
189
250
180
140
224
224
149
165
126
147
136
238
158
147
133
149
241
174
142
151
175
153
221
173
129
144
133
205
203
114
252
189
177
246
182
142
130
198
212
136
186
164
139
206
177
148
233
143
133
91
154
156
187
174
219
124
130
151
162
142
214
142
161
267
220
193
164
145
125
201
139
142
184
163
144
154
140
128
158
146
171
174
148
182
149
210
140
201
194
142
139
152
212
207
247
149
164
273
206
199
139
195
175
172
171
144
250
135
169
186
142
132
179
142
191
178
143
275
173
138
177
251
153
196
109
166
157
136
174
110
166
137
173
169
150
160
217
175
143
155
177
175
220
194
187
166
134
172
161
152
128
139
147
131
181
210
209
147
129
137
196
113
179
140
145
111
177
139
161
149
177
226
172
101
207
114
152
211
197
164
171
170
202
127
209
180
172
187
168
183
152
137
176
132
183
108
228
208
124
157
183
124
149
147
175
210
203
156
139
154
209
132
123
138
176
112
192
221
137
136
154
156
155
142
159
117
150
134
174
210
179
174
137
208
197
249
127
149
144
162
134
185
179
155
147
163
142
213
195
172
171
170
149
138
237
140
179
199
156
213
107
176
174
203
141
146
188
167
153
130
161
249
166
182
127
126
187
164
210
129
190
131
99
147
203
188
187
145
133
147
165
167
158
129
194
148
281
259
226
201
157
123
193
133
143
126
136
117
239
201
106
162
155
148
116
121
128
123
216
137
170
172
200
191
139
233
150
201
170
135
173
164
225
165
101
128
146
118
142
202
176
169
131
151
256
197
149
139
146
143
134
144
163
194
172
196
