221
198
129
160
265
179
146
166
199
270
198
123
204
228
121
206
133
193
194
151
190
199
226
200
118
158
197
177
227
199
169
209
150
166
245
161
237
180
159
143
159
131
142
220
215
209
170
197
259
166
203
185
183
147
157
192
133
155
143
117
126
151
260
188
149
141
193
137
186
142
185
226
137
145
208
232
240
189
136
156
230
209
195
196
201
159
172
146
163
205
147
146
172
199
212
132
168
144
137
146
141
132
213
141
170
195
139
239
182
171
223
208
228
139
169
209
251
137
215
227
172
218
178
174
176
212
129
170
156
170
164
144
170
116
196
239
208
198
175
173
149
171
144
146
149
155
150
233
150
211
126
237
108
187
234
152
186
242
215
117
129
158
147
125
138
162
137
207
283
155
201
139
146
211
131
211
133
133
243
138
148
157
179
179
177
188
164
213
137
220
102
225
168
140
159
142
187
177
173
161
219
121
140
137
149
124
213
139
241
174
228
197
208
175
164
200
122
144
265
190
204
124
219
168
151
155
142
124
217
304
140
150
169
208
168
164
133
163
225
209
120
143
210
172
246
160
141
160
164
229
147
142
159
218
195
217
96
201
192
175
237
169
175
141
137
145
227
143
144
170
184
149
204
152
199
152
219
136
164
192
121
195
134
134
227
174
125
141
119
102
171
151
173
173
141
211
222
244
180
219
172
141
190
155
209
148
93
169
158
203
223
221
202
144
203
150
137
116
171
193
208
166
184
228
130
142
151
135
187
202
157
147
196
183
271
211
141
163
168
262
202
190
165
208
129
223
122
200
189
148
156
169
141
226
136
165
196
171
151
226
196
199
157
182
195
138
181
232
192
141
214
133
214
179
157
164
129
157
139
228
135
189
165
181
120
225
171
177
156
158
200
218
188
130
224
168
128
207
189
159
148
142
181
149
198
203
121
154
191
161
211
136
178
233
208
166
151
221
198
134
140
177
207
205
214
165
206
133
147
168
220
138
113
228
135
179
197
138
177
181
125
199
140
210
229
148
171
131
121
250
149
203
117
198
153
157
211
142
183
178
216
125
155
152
158
147
155
176
213
205
188
126
158
154
129
142
215
174
198
142
253
125
137
140
150
144
124
180
158
209
199
182
203
139
209
148
214
189
216
146
197
151
141
135
211
185
191
189
132
140
128
142
209
154
282
172
239
187
108
153
178
141
212
162
216
208
137
140
155
129
152
144
113
136
136
180
158
120
220
159
133
228
198
122
146
187
196
184
122
148
133
171
238
184
150
151
129
178
165
155
161
184
213
130
122
218
119
158
132
127
147
151
156
233
251
132
181
247
223
191
193
130
197
142
180
235
165
150
269
225
151
162
202
157
211
92
162
179
112
134
141
160
141
113
130
164
164
143
141
121
194
128
238
154
138
138
150
233
158
220
232
159
103
126
144
167
215
192
178
184
156
175
218
124
220
145
127
101
185
131
144
189
217
166
178
209
113
154
158
220
137
164
149
176
236
162
105
124
283
187
218
155
232
168
168
139
149
191
233
201
218
123
204
224
186
191
116
155
142
119
157
118
156
156
197
153
142
154
148
166
137
142
112
164
154
216
237
194
152
165
204
161
182
222
161
200
187
147
151
141
219
182
216
168
207
155
200
139
166
149
184
218
205
153
128
165
161
141
158
140
141
144
235
153
120
192
191
141
147
199
146
148
143
139
240
221
231
183
206
139
113
251
205
174
131
205
228
188
217
150
154
166
196
160
153
157
129
124
193
153
200
171
195
226
202
156
109
156
187
185
191
213
128
108
171
163
220
207
213
118
206
208
135
162
166
214
146
153
130
291
161
208
126
129
283
233
116
204
161
187
115
215
162
179
200
138
220
246
169
221
136
173
156
138
176
146
123
143
221
173
153
225
167
141
242
216
212
172
213
130
117
170
254
205
205
224
186
146
209
143
178
181
123
127
152
176
147
104
236
159
204
216
215
161
128
212
170
132
151
146
151
158
129
205
225
195
130
165
246
129
204
265
153
215
131
153
136
173
132
207
135
176
158
110
202
192
180
132
210
142
164
206
200
144
151
236
189
250
149
186
228
200
131
204
141
149
148
157
178
169
200
160
147
129
174
121
206
197
189
144
144
161
213
163
143
161
197
179
211
227
216
173
170
210
134
183
165
135
161
194
158
266
109
224
144
150
155
164
113
168
213
202
144
152
160
126
149
161
166
201
138
182
166
160
135
190
154
170
191
149
143
158
139
147
160
157
136
133
142
155
209
120
148
138
133
150
232
234
164
235
