178
197
164
142
151
191
225
163
187
225
169
229
139
176
194
199
165
153
112
221
202
214
214
157
151
187
196
183
133
145
127
180
134
160
200
198
141
158
181
120
234
176
148
154
226
164
180
225
155
136
204
131
188
139
132
158
195
149
133
151
137
156
209
207
188
134
165
214
123
220
191
185
202
168
165
149
138
137
145
223
154
132
138
183
200
208
152
219
156
134
112
179
220
294
184
146
132
178
226
165
209
227
90
169
138
187
137
129
172
159
161
180
137
202
218
158
158
212
151
119
162
210
136
134
211
210
171
151
177
193
154
154
175
176
208
168
234
169
162
156
237
129
129
168
204
159
123
169
237
215
140
165
184
145
149
227
150
218
189
215
221
133
187
181
190
129
146
178
179
196
136
187
213
220
143
186
148
172
185
180
164
178
216
145
181
165
164
163
118
183
194
177
193
136
203
169
148
232
201
134
220
147
168
157
192
211
179
217
158
160
212
205
209
125
144
145
113
181
138
146
234
147
128
127
220
172
138
205
196
172
109
167
144
160
212
161
108
191
141
147
205
193
210
189
155
160
161
204
201
141
152
162
132
144
194
145
152
134
119
185
154
135
149
144
244
148
156
126
168
138
144
185
154
207
120
209
168
154
225
151
202
155
148
169
143
126
149
208
176
204
166
149
219
208
175
203
149
143
159
159
166
147
133
140
166
159
193
147
215
170
157
131
198
236
167
134
113
272
173
185
159
168
174
150
109
128
134
148
166
193
147
161
147
191
148
124
170
191
142
148
130
145
259
124
153
164
187
135
148
157
157
182
194
194
171
216
173
134
126
121
202
163
153
180
156
140
129
266
234
137
204
202
130
145
182
135
226
144
160
187
145
158
149
229
145
211
178
198
190
163
210
206
211
153
140
190
161
180
136
141
182
214
223
210
180
176
169
135
208
135
250
221
215
208
197
222
226
195
157
210
124
175
207
206
134
150
208
137
197
129
143
159
133
187
121
190
124
239
147
119
190
231
206
175
132
135
123
141
207
224
211
134
137
245
181
130
223
127
155
147
168
139
137
209
123
118
117
171
149
259
115
160
144
152
278
136
221
152
195
182
181
136
165
154
172
168
153
129
157
206
177
193
189
203
165
153
126
202
115
233
134
135
166
127
135
142
150
148
163
152
150
130
232
224
161
147
173
223
132
114
171
130
229
141
140
234
147
153
155
211
126
251
120
151
155
199
128
201
187
144
152
177
167
128
154
163
161
152
174
209
175
281
189
146
168
134
154
235
117
146
128
238
152
153
241
152
151
211
187
179
168
160
149
198
140
153
171
181
214
174
134
216
146
122
224
126
197
182
158
147
183
169
128
117
208
168
186
134
186
124
130
158
211
160
276
149
138
203
147
151
123
192
163
132
135
179
158
178
135
119
256
160
165
167
152
180
144
160
134
150
131
205
207
139
132
159
154
171
168
194
252
150
200
160
145
200
117
130
190
193
214
176
146
130
163
154
134
121
153
159
141
187
180
160
153
190
153
135
144
172
170
103
140
150
207
191
133
146
140
146
158
131
142
224
140
174
166
248
195
154
157
196
140
160
114
131
197
130
202
124
134
115
206
213
149
207
155
128
147
192
152
189
166
164
137
141
192
202
253
168
176
170
105
129
136
126
261
166
188
177
201
178
174
115
156
165
169
202
158
145
185
189
179
183
94
169
179
268
149
226
175
158
218
151
155
136
138
197
152
197
139
121
160
229
221
195
157
154
203
133
131
147
197
139
195
209
189
182
144
174
221
134
157
139
258
127
148
216
137
130
191
120
170
209
128
158
156
215
170
121
140
173
174
231
141
124
128
141
197
186
136
213
225
154
144
139
244
191
235
163
149
187
144
213
94
184
225
184
98
279
174
231
137
143
124
202
148
179
125
152
218
154
209
139
152
113
153
290
155
170
154
180
192
109
170
127
241
116
197
168
193
143
161
154
153
155
193
177
208
212
128
147
166
269
167
131
288
145
140
200
148
269
202
176
133
175
228
211
166
153
153
155
127
170
130
113
193
144
167
131
127
172
131
128
236
168
176
124
191
142
144
200
137
173
157
151
167
189
97
123
214
157
158
116
127
226
216
126
103
194
171
170
173
183
185
164
141
160
171
142
178
141
154
147
149
170
213
165
147
177
149
144
172
131
158
163
183
189
248
166
239
134
166
179
157
140
173
228
176
153
134
161
175
189
165
218
132
115
156
182
212
177
144
146
162
227
143
136
214
161
182
125
194
219
109
251
186
136
250
150
