163
169
151
134
182
117
122
183
240
171
144
189
239
181
170
169
171
126
187
192
208
239
200
175
152
178
184
155
147
184
205
128
270
127
148
166
212
196
110
168
130
140
158
235
152
126
182
193
166
205
144
136
164
157
197
145
197
208
119
173
142
117
126
145
135
227
225
249
162
228
255
119
133
151
201
168
132
217
228
149
163
208
138
177
251
103
184
146
213
150
155
195
154
139
175
153
143
113
158
127
228
173
188
201
206
216
233
154
138
155
158
199
126
144
218
162
147
155
142
185
150
116
309
163
146
220
161
227
130
143
230
116
218
158
211
158
153
189
136
115
193
198
120
134
136
193
195
277
225
242
241
187
170
197
180
202
195
182
153
186
208
146
103
148
190
150
129
215
219
177
151
153
139
209
105
158
231
148
167
166
152
135
205
101
242
208
140
172
138
230
187
147
146
197
158
200
211
189
242
156
215
142
235
152
150
195
154
241
151
137
207
141
145
147
196
204
128
140
145
135
144
211
217
148
207
225
179
187
185
98
135
232
231
177
187
151
231
149
140
149
145
200
131
152
132
134
175
233
169
172
135
185
187
106
192
147
142
205
163
192
165
239
149
191
183
119
182
168
156
137
149
136
228
174
256
138
149
166
181
179
176
155
136
156
139
163
150
145
205
120
143
177
199
225
129
211
255
121
142
133
216
127
148
206
217
163
178
139
248
141
162
98
167
191
225
159
211
126
219
200
121
160
178
133
219
149
149
144
138
278
163
151
102
169
172
190
153
150
159
138
238
206
116
151
132
215
198
130
240
168
202
162
225
218
165
156
139
155
182
227
152
169
137
178
214
193
174
128
205
167
159
205
116
85
119
175
138
197
207
146
124
212
214
135
185
172
134
150
133
186
180
133
150
126
212
126
148
158
267
128
143
167
166
106
236
158
145
134
142
141
137
153
218
150
131
154
170
235
197
113
161
177
138
221
150
136
134
134
165
186
132
131
172
131
153
239
200
148
142
213
144
201
162
165
210
138
202
159
136
166
153
187
167
240
132
138
189
159
140
208
169
133
140
125
157
175
103
124
143
159
153
160
207
170
133
197
133
177
150
138
183
190
197
207
172
243
199
149
207
168
155
210
200
166
223
139
144
197
142
137
139
193
152
136
188
208
142
147
206
192
147
127
150
138
199
136
180
162
116
210
150
123
136
112
160
236
183
138
169
146
143
231
215
231
177
137
159
169
201
245
159
201
150
172
183
198
153
181
139
197
134
201
142
185
120
179
142
105
141
230
135
178
181
139
129
137
181
158
155
130
104
162
209
156
163
153
140
165
265
187
171
218
281
149
153
156
189
133
237
154
147
162
117
153
195
131
116
160
129
180
215
201
241
196
188
130
212
152
207
143
171
201
138
131
176
148
188
112
184
107
140
228
147
137
125
128
149
145
206
137
197
212
213
228
142
174
155
218
211
131
226
159
206
205
145
139
111
177
123
140
138
252
165
167
142
161
214
167
144
224
145
238
172
237
208
158
208
154
151
154
99
190
146
172
197
164
151
138
136
125
140
144
149
146
193
135
166
166
215
195
169
211
264
186
150
150
163
193
139
153
210
141
184
198
161
191
266
152
241
117
239
143
207
127
213
183
151
153
145
156
156
145
131
185
145
164
240
133
127
204
136
153
149
230
157
222
148
207
187
148
220
147
187
175
187
165
133
135
155
158
238
248
112
130
146
157
146
112
165
164
213
176
183
165
215
168
134
172
228
119
144
132
232
255
186
187
208
145
183
174
163
201
144
154
143
151
172
141
138
119
139
230
152
210
195
203
126
163
218
223
228
197
219
162
153
173
190
124
142
120
169
153
168
138
131
146
214
173
202
145
212
221
220
276
125
162
115
146
183
162
207
139
114
225
173
186
133
293
167
158
145
152
207
125
150
125
157
250
176
187
147
124
169
158
160
138
224
132
212
165
177
139
168
120
187
248
132
236
172
143
170
134
194
139
130
178
163
169
144
137
225
131
175
134
116
143
164
227
105
160
151
156
193
126
165
132
249
188
202
139
178
154
154
137
159
148
216
184
217
192
142
161
106
200
127
133
197
173
134
210
223
152
109
191
145
159
158
123
153
189
161
251
142
127
152
129
156
212
144
129
143
188
268
215
167
188
124
202
198
145
128
194
142
235
226
132
126
136
273
190
156
157
147
121
195
161
119
150
142
122
244
159
149
211
132
133
155
151
155
148
138
142
160
122
162
146
128
162
119
195
181
179
147
134
182
193
142
203
250
167
